noise: 15
patch size: 7
[BEFORE]
MSE: 210.9286569717757
PSNR: 24.88944773450668
[AFTER]
MSE: 141.63793147831734
PSNR: 26.61900785298868
