noise: 15
patch size: 3
[BEFORE]
MSE: 210.9286569717757
PSNR: 24.88944773450668
[AFTER]
MSE: 97.48078260388792
PSNR: 28.24161353699646
