noise: 15
patch size: 7
[BEFORE]
MSE: 210.9286569717757
PSNR: 24.88944773450668
[AFTER]
MSE: 109.88831360602512
PSNR: 27.721288523050458
