noise: 15
patch size: 3
[BEFORE]
MSE: 210.9286569717757
PSNR: 24.88944773450668
[AFTER]
MSE: 121.34226131071448
PSNR: 27.290682767572086
