noise: 10
patch size: 7
[BEFORE]
MSE: 96.54466780723497
PSNR: 28.283520683127524
[AFTER]
MSE: 119.78706594747324
PSNR: 27.346704333896515
