noise: 10
patch size: 3
[BEFORE]
MSE: 96.54466780723497
PSNR: 28.283520683127524
[AFTER]
MSE: 74.89510599791666
PSNR: 29.386269211062384
