noise: 10
patch size: 7
[BEFORE]
MSE: 96.54466780723497
PSNR: 28.283520683127524
[AFTER]
MSE: 90.56297550671181
PSNR: 28.5612967775564
