noise: 10
patch size: 3
[BEFORE]
MSE: 96.54466780723497
PSNR: 28.283520683127524
[AFTER]
MSE: 97.41603697366834
PSNR: 28.244499030051404
