noise: 12.5
patch size: 7
[BEFORE]
MSE: 149.45775591675675
PSNR: 26.385619037579172
[AFTER]
MSE: 129.38132782055052
PSNR: 27.012087569434925
