noise: 12.5
patch size: 7
[BEFORE]
MSE: 149.45775591675675
PSNR: 26.385619037579172
[AFTER]
MSE: 99.06388505787208
PSNR: 28.171650048561382
