noise: 12.5
patch size: 3
[BEFORE]
MSE: 149.45775591675675
PSNR: 26.385619037579172
[AFTER]
MSE: 107.62918646833296
PSNR: 27.811503032611625
