noise: 12.5
patch size: 3
[BEFORE]
MSE: 149.45775591675675
PSNR: 26.385619037579172
[AFTER]
MSE: 84.53124741770144
PSNR: 28.86063083012251
