noise: 25
patch size: 7
[BEFORE]
MSE: 563.1136013687557
PSNR: 20.624843435108154
[AFTER]
MSE: 210.48043476538848
PSNR: 24.898686287168406
