noise: 25
patch size: 3
[BEFORE]
MSE: 563.1136013687557
PSNR: 20.624843435108154
[AFTER]
MSE: 170.56800378834322
PSNR: 25.811827940681255
