noise: 25
patch size: 7
[BEFORE]
MSE: 563.1136013687557
PSNR: 20.624843435108154
[AFTER]
MSE: 172.44836944187514
PSNR: 25.76421268547475
