noise: 25
patch size: 3
[BEFORE]
MSE: 563.1136013687557
PSNR: 20.624843435108154
[AFTER]
MSE: 198.13825226531475
PSNR: 25.161120330122124
